62.45	62.25	61.25	60.9	157317
62.25	62.45	62.25	61.25	75807
62.25	62.25	62.45	62.25	124552
63.25	62.25	62.25	62.45	88000
62.65	63.25	62.25	62.25	24568
64	62.65	63.25	62.25	48299
64.9	64	62.65	63.25	92190
65.55	64.9	64	62.65	31413
65.9	65.55	64.9	64	76905
64	65.9	65.55	64.9	80096
64.5	64	65.9	65.55	36619
64.45	64.5	64	65.9	62472
64.1	64.45	64.5	64	22522
63.1	64.1	64.45	64.5	161045
62.5	63.1	64.1	64.45	150706
63	62.5	63.1	64.1	155670
64.2	63	62.5	63.1	105254
65.4	64.2	63	62.5	71475
69.5	65.4	64.2	63	219650
72.8	69.5	65.4	64.2	407757
74.85	72.8	69.5	65.4	744541
74	74.85	72.8	69.5	131633
74.5	74	74.85	72.8	83268
75.5	74.5	74	74.85	233551
75.4	75.5	74.5	74	98357
73.65	75.4	75.5	74.5	138349
71.7	73.65	75.4	75.5	274154
72.25	71.7	73.65	75.4	194468
73.1	72.25	71.7	73.65	110558
73.5	73.1	72.25	71.7	196439
72.75	73.5	73.1	72.25	183396
72.4	72.75	73.5	73.1	84926
72.95	72.4	72.75	73.5	28963
73	72.95	72.4	72.75	26499
72.8	73	72.95	72.4	34485
72.7	72.8	73	72.95	48852
73.5	72.7	72.8	73	7413
73	73.5	72.7	72.8	15209
70.8	73	73.5	72.7	124622
70	70.8	73	73.5	257720
71.15	70	70.8	73	25460
70	71.15	70	70.8	13622
70	70	71.15	70	15625
71	70	70	71.15	24918
70.5	71	70	70	51883
70	70.5	71	70	75653
70.7	70	70.5	71	32869
70	70.7	70	70.5	70199
70.2	70	70.7	70	44323
71	70.2	70	70.7	15278
70.85	71	70.2	70	29398
68	70.85	71	70.2	244362
69.95	68	70.85	71	251160
69.8	69.95	68	70.85	109368
69.3	69.8	69.95	68	18913
68.95	69.3	69.8	69.95	104785
69.65	68.95	69.3	69.8	243837
70.2	69.65	68.95	69.3	87866
69.9	70.2	69.65	68.95	21769
66.85	69.9	70.2	69.65	177349
68.4	66.85	69.9	70.2	192884
67.9	68.4	66.85	69.9	60871
67	67.9	68.4	66.85	86142
66.6	67	67.9	68.4	26139
66.5	66.6	67	67.9	18698
69	66.5	66.6	67	13252
69.5	69	66.5	66.6	10115
68.75	69.5	69	66.5	48359
69.4	68.75	69.5	69	102263
69	69.4	68.75	69.5	43486
69.75	69	69.4	68.75	18865
69.5	69.75	69	69.4	9517
68.5	69.5	69.75	69	29516
68	68.5	69.5	69.75	20821
68.5	68	68.5	69.5	18489
68.25	68.5	68	68.5	67841
68.01	68.25	68.5	68	14065
68	68.01	68.25	68.5	66108
66.7	68	68.01	68.25	115613
67	66.7	68	68.01	21099
67	67	66.7	68	19709
66.75	67	67	66.7	459976
67.1	66.75	67	67	7934
67	67.1	66.75	67	41254
67.8	67	67.1	66.75	83744
69.35	67.8	67	67.1	20270
71	69.35	67.8	67	64898
69.6	71	69.35	67.8	78601
69.69	69.6	71	69.35	6771
69.45	69.69	69.6	71	53635
69.49	69.45	69.69	69.6	9159
72.5	69.49	69.45	69.69	188042
73.95	72.5	69.49	69.45	121944
73.2	73.95	72.5	69.49	23402
73.65	73.2	73.95	72.5	55396
75	73.65	73.2	73.95	73495
80	75	73.65	73.2	292284
79.4	80	75	73.65	122552
80.3	79.4	80	75	174298
81	80.3	79.4	80	360128
84	81	80.3	79.4	227588
83.8	84	81	80.3	494573
83	83.8	84	81	273790
82.5	83	83.8	84	87148
84	82.5	83	83.8	426528
83.99	84	82.5	83	178231
83.8	83.99	84	82.5	2011697
83.38	83.8	83.99	84	411544
86	83.38	83.8	83.99	656544
88.5	86	83.38	83.8	236769
88.44	88.5	86	83.38	184965
88	88.44	88.5	86	127231
91	88	88.44	88.5	242532
90.5	91	88	88.44	271550
89.7	90.5	91	88	88826
86.65	89.7	90.5	91	72641
89.88	86.65	89.7	90.5	77687
90.29	89.88	86.65	89.7	137957
93.9	90.29	89.88	86.65	240540
94	93.9	90.29	89.88	119263
90.7	94	93.9	90.29	140282
90	90.7	94	93.9	243169
88.7	90	90.7	94	165755
87.21	88.7	90	90.7	61941
86.3	87.21	88.7	90	56922
84.99	86.3	87.21	88.7	255945
89.5	84.99	86.3	87.21	255958
90	89.5	84.99	86.3	180418
89.5	90	89.5	84.99	64866
87.5	89.5	90	89.5	27917
86.5	87.5	89.5	90	133386
84	86.5	87.5	89.5	153182
85.45	84	86.5	87.5	141271
86.9	85.45	84	86.5	26606
87	86.9	85.45	84	110770
87	87	86.9	85.45	93878
88.65	87	87	86.9	147440
88	88.65	87	87	29022
86.5	88	88.65	87	127437
88	86.5	88	88.65	239853
87.11	88	86.5	88	27887
88.2	87.11	88	86.5	11067
86	88.2	87.11	88	98249
87.5	86	88.2	87.11	639998
87.45	87.5	86	88.2	133524
86.97	87.45	87.5	86	180729
86.22	86.97	87.45	87.5	78825
84.55	86.22	86.97	87.45	38897
85.5	84.55	86.22	86.97	197532
85.02	85.5	84.55	86.22	125611
86.75	85.02	85.5	84.55	319358
87.5	86.75	85.02	85.5	522906
88	87.5	86.75	85.02	319474
89.89	88	87.5	86.75	312827
95	89.89	88	87.5	341122
89	95	89.89	88	622125
87.8	89	95	89.89	273679
88.99	87.8	89	95	221611
89.99	88.99	87.8	89	278073
94	89.99	88.99	87.8	201138
92.31	94	89.99	88.99	195686
93.9	92.31	94	89.99	86987
93	93.9	92.31	94	110705
93.63	93	93.9	92.31	36981
97	93.63	93	93.9	77853
96.4	97	93.63	93	219896
95.11	96.4	97	93.63	25694
92.4	95.11	96.4	97	88532
90.5	92.4	95.11	96.4	87843
88.5	90.5	92.4	95.11	184216
91.5	88.5	90.5	92.4	223050
90	91.5	88.5	90.5	154297
89.25	90	91.5	88.5	329293
90	89.25	90	91.5	140087
86	90	89.25	90	156916
86.9	86	90	89.25	121044
87.5	86.9	86	90	111876
89.5	87.5	86.9	86	343570
89.45	89.5	87.5	86.9	94354
90	89.45	89.5	87.5	226975
89.4	90	89.45	89.5	26169
89.41	89.4	90	89.45	50684
88.5	89.41	89.4	90	87395
88.5	88.5	89.41	89.4	169183
91	88.5	88.5	89.41	289080
88.98	91	88.5	88.5	77336
87	88.98	91	88.5	111698
85.9	87	88.98	91	243107
88.5	85.9	87	88.98	165480
88.94	88.5	85.9	87	56483
87.52	88.94	88.5	85.9	45537
89.94	87.52	88.94	88.5	166419
90	89.94	87.52	88.94	211526
90.5	90	89.94	87.52	80535
90.55	90.5	90	89.94	177949
90.05	90.55	90.5	90	81407
90.44	90.05	90.55	90.5	61258
91	90.44	90.05	90.55	117913
93	91	90.44	90.05	107131
95	93	91	90.44	99693
94.95	95	93	91	45805
94.6	94.95	95	93	21923
97.2	94.6	94.95	95	1007109
99.8	97.2	94.6	94.95	64565
93.9	99.8	97.2	94.6	406184
73.3	93.9	99.8	97.2	2500793
78	73.3	93.9	99.8	565752
81.51	78	73.3	93.9	358530
81.51	81.51	78	73.3	313998
81.5	81.51	81.51	78	77374
81.5	81.5	81.51	81.51	114154
81.95	81.5	81.5	81.51	148513
82	81.95	81.5	81.5	195357
80	82	81.95	81.5	494902
78	80	82	81.95	74990
77.95	78	80	82	160152
77.25	77.95	78	80	226413
78	77.25	77.95	78	37256
76.4	78	77.25	77.95	48990
75.9	76.4	78	77.25	138914
75.41	75.9	76.4	78	43140
75.36	75.41	75.9	76.4	40670
77	75.36	75.41	75.9	107617
76.5	77	75.36	75.41	129432
77.6	76.5	77	75.36	169046
75.95	77.6	76.5	77	68408
77	75.95	77.6	76.5	88966
75.3	77	75.95	77.6	41380
75.9	75.3	77	75.95	109438
75.44	75.9	75.3	77	17683
75.5	75.44	75.9	75.3	356741
74.25	75.5	75.44	75.9	82973
74.5	74.25	75.5	75.44	89848
75	74.5	74.25	75.5	51533
74.39	75	74.5	74.25	34948
74.35	74.39	75	74.5	42994
73.52	74.35	74.39	75	35863
74.4	73.52	74.35	74.39	61448
76.85	74.4	73.52	74.35	216567
78	76.85	74.4	73.52	120627
78.15	78	76.85	74.4	439840
77.66	78.15	78	76.85	147825
78	77.66	78.15	78	236963
77.99	78	77.66	78.15	101048
78	77.99	78	77.66	173917
78.05	78	77.99	78	297748
78.8	78.05	78	77.99	290348
79.68	78.8	78.05	78	95024
80.54	79.68	78.8	78.05	86029
80	80.54	79.68	78.8	79317
80.76	80	80.54	79.68	29965
81.47	80.76	80	80.54	82291
81.4	81.47	80.76	80	46437
80.62	81.4	81.47	80.76	31523
79.05	80.62	81.4	81.47	73218
79.8	79.05	80.62	81.4	28006
79.8	79.8	79.05	80.62	63035
79.8	79.8	79.8	79.05	54625
78.93	79.8	79.8	79.8	230564
80.2	78.93	79.8	79.8	25314
80.7	80.2	78.93	79.8	14114
80.8	80.7	80.2	78.93	52592
81.35	80.8	80.7	80.2	38525
84.01	81.35	80.8	80.7	86234
85.3	84.01	81.35	80.8	363494
86	85.3	84.01	81.35	519173
86.89	86	85.3	84.01	344155
86.83	86.89	86	85.3	177121
86.2	86.83	86.89	86	188660
86.65	86.2	86.83	86.89	208229
87	86.65	86.2	86.83	260889
87.34	87	86.65	86.2	294031
88	87.34	87	86.65	211427
88	88	87.34	87	40685
86.78	88	88	87.34	97389
87.2	86.78	88	88	74218
89.7	87.2	86.78	88	254240
89.5	89.7	87.2	86.78	134404
89.65	89.5	89.7	87.2	185894
91.8	89.65	89.5	89.7	279630
93.5	91.8	89.65	89.5	144739
93	93.5	91.8	89.65	71468
92.5	93	93.5	91.8	111593
92.93	92.5	93	93.5	73594
91.94	92.93	92.5	93	22193
91.5	91.94	92.93	92.5	122166
90	91.5	91.94	92.93	84225
91.98	90	91.5	91.94	53434
92.95	91.98	90	91.5	47475
92.89	92.95	91.98	90	63714
93.1	92.89	92.95	91.98	86994
94.5	93.1	92.89	92.95	61442
97.15	94.5	93.1	92.89	195637
92.8	97.15	94.5	93.1	114241
94.75	92.8	97.15	94.5	73443
93.06	94.75	92.8	97.15	129043
91.68	93.06	94.75	92.8	176417
88.99	91.68	93.06	94.75	158489
89.45	88.99	91.68	93.06	68926
89.5	89.45	88.99	91.68	71079
89	89.5	89.45	88.99	231516
88.6	89	89.5	89.45	102423
86.6	88.6	89	89.5	201363
88.58	86.6	88.6	89	195843
88.65	88.58	86.6	88.6	104081
87.22	88.65	88.58	86.6	36878
87.5	87.22	88.65	88.58	62852
85.5	87.5	87.22	88.65	965707
86.5	85.5	87.5	87.22	177275
87.55	86.5	85.5	87.5	227244
89	87.55	86.5	85.5	188591
88	89	87.55	86.5	99185
87.74	88	89	87.55	97796
87.7	87.74	88	89	114910
88	87.7	87.74	88	82189
88.47	88	87.7	87.74	158264
87.9	88.47	88	87.7	228375
87.1	87.9	88.47	88	195661
86.65	87.1	87.9	88.47	76404
87.7	86.65	87.1	87.9	99578
87	87.7	86.65	87.1	103534
83.95	87	87.7	86.65	403455
82	83.95	87	87.7	310427
80.5	82	83.95	87	291421
78.88	80.5	82	83.95	170900
80.5	78.88	80.5	82	338342
83.8	80.5	78.88	80.5	116006
84.87	83.8	80.5	78.88	96479
82.06	84.87	83.8	80.5	716967
80.75	82.06	84.87	83.8	354979
80.75	80.75	82.06	84.87	96286
79.45	80.75	80.75	82.06	172318
79.97	79.45	80.75	80.75	124901
79.82	79.97	79.45	80.75	47558
79.5	79.82	79.97	79.45	127347
78.01	79.5	79.82	79.97	135425
78.75	78.01	79.5	79.82	42552
78.8	78.75	78.01	79.5	201635
79.4	78.8	78.75	78.01	177064
78.1	79.4	78.8	78.75	840531
77.9	78.1	79.4	78.8	178832
77.82	77.9	78.1	79.4	329106
78	77.82	77.9	78.1	51881
77.2	78	77.82	77.9	208447
77.5	77.2	78	77.82	53700
77.91	77.5	77.2	78	159899
79.8	77.91	77.5	77.2	116282
80	79.8	77.91	77.5	188475
81.71	80	79.8	77.91	101735
81.9	81.71	80	79.8	128088
81.9	81.9	81.71	80	25798
82.6	81.9	81.9	81.71	81970
81.58	82.6	81.9	81.9	187479
82.1	81.58	82.6	81.9	54183
83.49	82.1	81.58	82.6	545380
82.49	83.49	82.1	81.58	58382
82	82.49	83.49	82.1	202958
82	82	82.49	83.49	175164
82.8	82	82	82.49	1262515
84.96	82.8	82	82	109102
84.45	84.96	82.8	82	162964
84.39	84.45	84.96	82.8	85383
83.88	84.39	84.45	84.96	123917
83.03	83.88	84.39	84.45	209665
83.06	83.03	83.88	84.39	36238
83	83.06	83.03	83.88	28193
83	83	83.06	83.03	115465
82.7	83	83	83.06	138933
84	82.7	83	83	336737
83.67	84	82.7	83	70270
83.8	83.67	84	82.7	45547
82.65	83.8	83.67	84	138864
81.51	82.65	83.8	83.67	127067
81.5	81.51	82.65	83.8	191104
83	81.5	81.51	82.65	101771
81.8	83	81.5	81.51	103989
82.5	81.8	83	81.5	83853
82	82.5	81.8	83	226798
81.55	82	82.5	81.8	62601
81.92	81.55	82	82.5	30739
81.78	81.92	81.55	82	76606
81	81.78	81.92	81.55	93469
78.81	81	81.78	81.92	112794
79.5	78.81	81	81.78	21629
79.71	79.5	78.81	81	17954
80.57	79.71	79.5	78.81	18385
80	80.57	79.71	79.5	67354
80.26	80	80.57	79.71	31605
80.89	80.26	80	80.57	28810
80.98	80.89	80.26	80	24493
80.15	80.98	80.89	80.26	37387
79.45	80.15	80.98	80.89	28854
79.41	79.45	80.15	80.98	21611
80.79	79.41	79.45	80.15	37857
80.79	80.79	79.41	79.45	48120
79.9	80.79	80.79	79.41	83974
77.2	79.9	80.79	80.79	81085
77.25	77.2	79.9	80.79	67283
79.45	77.25	77.2	79.9	59453
80.5	79.45	77.25	77.2	73197
78.55	80.5	79.45	77.25	91151
78.51	78.55	80.5	79.45	109191
78.47	78.51	78.55	80.5	410082
77	78.47	78.51	78.55	447706
78.3	77	78.47	78.51	60004
78.5	78.3	77	78.47	58843
78.5	78.5	78.3	77	74955
77.94	78.5	78.5	78.3	76884
79.3	77.94	78.5	78.5	215735
79	79.3	77.94	78.5	118635
79	79	79.3	77.94	92785
78.7	79	79	79.3	39364
78	78.7	79	79	35300
77.88	78	78.7	79	6361
79.53	77.88	78	78.7	70806
78.77	79.53	77.88	78	40693
76.2	78.77	79.53	77.88	73752
76.21	76.2	78.77	79.53	121299
76.13	76.21	76.2	78.77	44671
77.18	76.13	76.21	76.2	31597
80.75	77.18	76.13	76.21	132513
84.59	80.75	77.18	76.13	454880
85.05	84.59	80.75	77.18	132205
84.55	85.05	84.59	80.75	131508
83.75	84.55	85.05	84.59	83526
84.9	83.75	84.55	85.05	108091
83.04	84.9	83.75	84.55	68480
84.8	83.04	84.9	83.75	120354
86.75	84.8	83.04	84.9	112352
86.75	86.75	84.8	83.04	103313
87.8	86.75	86.75	84.8	144679
86.5	87.8	86.75	86.75	336883
87	86.5	87.8	86.75	1784949
86.92	87	86.5	87.8	69412
86.7	86.92	87	86.5	60030
84.7	86.7	86.92	87	160738
83.51	84.7	86.7	86.92	113426
82.47	83.51	84.7	86.7	122440
82.85	82.47	83.51	84.7	81795
84.95	82.85	82.47	83.51	137904
84.3	84.95	82.85	82.47	66996
83	84.3	84.95	82.85	118856
83.06	83	84.3	84.95	37933
83.8	83.06	83	84.3	75669
82.36	83.8	83.06	83	92545
78.75	82.36	83.8	83.06	321930
78	78.75	82.36	83.8	364339
75.6	78	78.75	82.36	158311
75.9	75.6	78	78.75	180118
76.1	75.9	75.6	78	59018
73.3	76.1	75.9	75.6	70760
71.51	73.3	76.1	75.9	161323
73.3	71.51	73.3	76.1	115932
72.35	73.3	71.51	73.3	54922
76	72.35	73.3	71.51	82167
76.7	76	72.35	73.3	71831
75.8	76.7	76	72.35	148735
75.7	75.8	76.7	76	64572
76	75.7	75.8	76.7	92457
76	76	75.7	75.8	34286
76.12	76	76	75.7	62447
74	76.12	76	76	218171
74.8	74	76.12	76	148558
75.97	74.8	74	76.12	44108
75.9	75.97	74.8	74	108704
76.39	75.9	75.97	74.8	133371
78.83	76.39	75.9	75.97	85188
77	78.83	76.39	75.9	74278
75	77	78.83	76.39	85804
75.86	75	77	78.83	83533
75.84	75.86	75	77	59822
77	75.84	75.86	75	112031
79	77	75.84	75.86	78409
78.01	79	77	75.84	31792
78.3	78.01	79	77	54695
76.5	78.3	78.01	79	64271
77.06	76.5	78.3	78.01	56519
78.06	77.06	76.5	78.3	38793
79.31	78.06	77.06	76.5	92386
79.99	79.31	78.06	77.06	62762
81.93	79.99	79.31	78.06	42738
79	81.93	79.99	79.31	79702
79.65	79	81.93	79.99	154743
82	79.65	79	81.93	105773
81.7	82	79.65	79	83098
80.12	81.7	82	79.65	70770
81.9	80.12	81.7	82	92075
82	81.9	80.12	81.7	46218
79.39	82	81.9	80.12	131584
78	79.39	82	81.9	88557
77.99	78	79.39	82	84874
77.21	77.99	78	79.39	72330
76	77.21	77.99	78	65825
74.5	76	77.21	77.99	221802
75.43	74.5	76	77.21	101924
76.55	75.43	74.5	76	86510
76.6	76.55	75.43	74.5	240521
79.5	76.6	76.55	75.43	220724
78.5	79.5	76.6	76.55	174331
78.21	78.5	79.5	76.6	96394
77.98	78.21	78.5	79.5	125667
77.05	77.98	78.21	78.5	68501
75.43	77.05	77.98	78.21	73483
76.3	75.43	77.05	77.98	126594
79.5	76.3	75.43	77.05	317013
79.27	79.5	76.3	75.43	442572
81.12	79.27	79.5	76.3	126657
81.5	81.12	79.27	79.5	183889
81.31	81.5	81.12	79.27	121907
78	81.31	81.5	81.12	241529
78.04	78	81.31	81.5	140511
79	78.04	78	81.31	119935
78.3	79	78.04	78	140433
79.79	78.3	79	78.04	62843
84	79.79	78.3	79	194224
84.77	84	79.79	78.3	559043
85	84.77	84	79.79	171768
86.29	85	84.77	84	198343
84.73	86.29	85	84.77	96666
84	84.73	86.29	85	92603
85.9	84	84.73	86.29	82782
84.5	85.9	84	84.73	112238
84.39	84.5	85.9	84	46545
83.05	84.39	84.5	85.9	69200
82.12	83.05	84.39	84.5	93278
82.8	82.12	83.05	84.39	72074
83.9	82.8	82.12	83.05	165963
84.65	83.9	82.8	82.12	130524
83.56	84.65	83.9	82.8	69065
82.5	83.56	84.65	83.9	73465
83.39	82.5	83.56	84.65	54147
84.07	83.39	82.5	83.56	27269
84.89	84.07	83.39	82.5	21863
84.9	84.89	84.07	83.39	22525
85.34	84.9	84.89	84.07	38880
84.79	85.34	84.9	84.89	11480
84.4	84.79	85.34	84.9	24253
82.49	84.4	84.79	85.34	98117
83.1	82.49	84.4	84.79	47951
82.9	83.1	82.49	84.4	30995
82.79	82.9	83.1	82.49	95375
81.9	82.79	82.9	83.1	68426
82.44	81.9	82.79	82.9	74584
81.11	82.44	81.9	82.79	76015
81.55	81.11	82.44	81.9	85201
80.62	81.55	81.11	82.44	41177
79.65	80.62	81.55	81.11	36905
77.56	79.65	80.62	81.55	104171
78.62	77.56	79.65	80.62	109730
81.26	78.62	77.56	79.65	104630
79.55	81.26	78.62	77.56	381133
79.5	79.55	81.26	78.62	32756
81.5	79.5	79.55	81.26	82841
80	81.5	79.5	79.55	69940
82.4	80	81.5	79.5	122245
83.19	82.4	80	81.5	379149
83.5	83.19	82.4	80	43960
82.46	83.5	83.19	82.4	47930
83.74	82.46	83.5	83.19	52292
83	83.74	82.46	83.5	277490
84	83	83.74	82.46	62691
84.95	84	83	83.74	276391
83.3	84.95	84	83	107623
85.4	83.3	84.95	84	162673
84.98	85.4	83.3	84.95	68871
85	84.98	85.4	83.3	385982
85.4	85	84.98	85.4	35897
85	85.4	85	84.98	520325
84.99	85	85.4	85	416722
84.6	84.99	85	85.4	20355
82.75	84.6	84.99	85	77153
83.05	82.75	84.6	84.99	167997
85.39	83.05	82.75	84.6	95027
85.15	85.39	83.05	82.75	97558
86.75	85.15	85.39	83.05	106683
88.81	86.75	85.15	85.39	99781
87.35	88.81	86.75	85.15	154873
88	87.35	88.81	86.75	60151
89	88	87.35	88.81	100226
88.7	89	88	87.35	78452
89.15	88.7	89	88	62079
88.74	89.15	88.7	89	53008
88	88.74	89.15	88.7	89854
90.04	88	88.74	89.15	57225
88.96	90.04	88	88.74	49551
90	88.96	90.04	88	47817
90.9	90	88.96	90.04	81089
91.11	90.9	90	88.96	64580
91.5	91.11	90.9	90	27711
92.3	91.5	91.11	90.9	61195
95.05	92.3	91.5	91.11	230260
94.99	95.05	92.3	91.5	69794
98.59	94.99	95.05	92.3	96694
98.02	98.59	94.99	95.05	158600
94	98.02	98.59	94.99	86725
94.88	94	98.02	98.59	340708
93.85	94.88	94	98.02	68926
92.55	93.85	94.88	94	35945
92.75	92.55	93.85	94.88	45979
94	92.75	92.55	93.85	85711
92.58	94	92.75	92.55	148264
91.5	92.58	94	92.75	41505
92.96	91.5	92.58	94	510534
91.94	92.96	91.5	92.58	169013
94	91.94	92.96	91.5	1090561
91.63	94	91.94	92.96	204105
92	91.63	94	91.94	114620
92.25	92	91.63	94	226950
90.79	92.25	92	91.63	368656
90.02	90.79	92.25	92	77786
89.3	90.02	90.79	92.25	69963
88.17	89.3	90.02	90.79	62419
89	88.17	89.3	90.02	76685
87.2	89	88.17	89.3	112489
86.73	87.2	89	88.17	134285
88.18	86.73	87.2	89	120269
91.42	88.18	86.73	87.2	227640
90	91.42	88.18	86.73	170790
89.5	90	91.42	88.18	65881
91.5	89.5	90	91.42	75967
89.8	91.5	89.5	90	166077
89.15	89.8	91.5	89.5	134563
89	89.15	89.8	91.5	102426
89.33	89	89.15	89.8	238299
89.5	89.33	89	89.15	159418
88.07	89.5	89.33	89	67636
87.74	88.07	89.5	89.33	155907
88.01	87.74	88.07	89.5	122629
85.05	88.01	87.74	88.07	181019
84.82	85.05	88.01	87.74	199165
84	84.82	85.05	88.01	68087
87.5	84	84.82	85.05	226214
86.65	87.5	84	84.82	157765
87	86.65	87.5	84	51447
84.28	87	86.65	87.5	275970
86	84.28	87	86.65	139002
86	86	84.28	87	121358
85.84	86	86	84.28	47667
84.85	85.84	86	86	32732
84.4	84.85	85.84	86	221001
84.52	84.4	84.85	85.84	64368
84.2	84.52	84.4	84.85	166255
83.4	84.2	84.52	84.4	251856
83.05	83.4	84.2	84.52	169718
84.88	83.05	83.4	84.2	181802
84	84.88	83.05	83.4	104791
86.45	84	84.88	83.05	209638
84.77	86.45	84	84.88	33405
85.16	84.77	86.45	84	78525
85.56	85.16	84.77	86.45	53502
85.15	85.56	85.16	84.77	103719
86.05	85.15	85.56	85.16	132972
85.5	86.05	85.15	85.56	62466
85.54	85.5	86.05	85.15	43070
87.04	85.54	85.5	86.05	124910
87	87.04	85.54	85.5	101360
89.25	87	87.04	85.54	83886
87.24	89.25	87	87.04	39939
86.8	87.24	89.25	87	67541
88.76	86.8	87.24	89.25	81775
85.6	88.76	86.8	87.24	78432
85.4	85.6	88.76	86.8	101526
82.14	85.4	85.6	88.76	261133
83.6	82.14	85.4	85.6	130147
84.5	83.6	82.14	85.4	85488
84.32	84.5	83.6	82.14	138794
86.05	84.32	84.5	83.6	82115
87.82	86.05	84.32	84.5	220551
85.9	87.82	86.05	84.32	130842
87	85.9	87.82	86.05	75835
87	87	85.9	87.82	115722
87.5	87	87	85.9	95490
88.5	87.5	87	87	62335
87.01	88.5	87.5	87	147873
85	87.01	88.5	87.5	67628
86.47	85	87.01	88.5	106067
87.5	86.47	85	87.01	50418
87.69	87.5	86.47	85	56873
87	87.69	87.5	86.47	69072
88.1	87	87.69	87.5	37129
85.4	88.1	87	87.69	80024
84.27	85.4	88.1	87	218531
85.92	84.27	85.4	88.1	71725
82.94	85.92	84.27	85.4	135605
81.79	82.94	85.92	84.27	88435
80.7	81.79	82.94	85.92	102063
80.9	80.7	81.79	82.94	191697
80.1	80.9	80.7	81.79	125168
79.5	80.1	80.9	80.7	168922
79.2	79.5	80.1	80.9	326316
76.72	79.2	79.5	80.1	215635
76.7	76.72	79.2	79.5	314920
78.25	76.7	76.72	79.2	217990
80.4	78.25	76.7	76.72	296815
82.8	80.4	78.25	76.7	175357
83	82.8	80.4	78.25	122791
83.37	83	82.8	80.4	215950
83.5	83.37	83	82.8	90970
83.45	83.5	83.37	83	76599
83.7	83.45	83.5	83.37	161629
83.5	83.7	83.45	83.5	83586
82.94	83.5	83.7	83.45	57524
82.8	82.94	83.5	83.7	42609
82.25	82.8	82.94	83.5	95753
82.35	82.25	82.8	82.94	119783
82.75	82.35	82.25	82.8	69981
82.35	82.75	82.35	82.25	106608
83.3	82.35	82.75	82.35	96725
82.75	83.3	82.35	82.75	86048
82.8	82.75	83.3	82.35	40687
80.87	82.8	82.75	83.3	111244
81.24	80.87	82.8	82.75	97094
81.5	81.24	80.87	82.8	93737
80.7	81.5	81.24	80.87	203921
79.72	80.7	81.5	81.24	91780
79.5	79.72	80.7	81.5	44736
75.65	79.5	79.72	80.7	223881
74.66	75.65	79.5	79.72	227923
75.5	74.66	75.65	79.5	127036
76.05	75.5	74.66	75.65	74206
75.85	76.05	75.5	74.66	56282
73.33	75.85	76.05	75.5	115938
74.2	73.33	75.85	76.05	72956
73.4	74.2	73.33	75.85	138212
74.4	73.4	74.2	73.33	57186
73.92	74.4	73.4	74.2	99682
73.16	73.92	74.4	73.4	58278
71.71	73.16	73.92	74.4	64454
71.6	71.71	73.16	73.92	51391
72.54	71.6	71.71	73.16	35939
71.12	72.54	71.6	71.71	37914
73.12	71.12	72.54	71.6	173489
70	73.12	71.12	72.54	70548
64.01	70	73.12	71.12	147867
65.8	64.01	70	73.12	215935
65.25	65.8	64.01	70	1078634
66	65.25	65.8	64.01	973772
63.02	66	65.25	65.8	340575
60.35	63.02	66	65.25	265541
63.4	60.35	63.02	66	571171
61.94	63.4	60.35	63.02	495042
62.18	61.94	63.4	60.35	131279
62	62.18	61.94	63.4	205250
61.65	62	62.18	61.94	201821
63.54	61.65	62	62.18	532065
64.98	63.54	61.65	62	371758
65.18	64.98	63.54	61.65	340759
66	65.18	64.98	63.54	162236
65.61	66	65.18	64.98	149927
66	65.61	66	65.18	106615
66.3	66	65.61	66	121394
66.5	66.3	66	65.61	150463
64.49	66.5	66.3	66	99624
64.27	64.49	66.5	66.3	164367
62.5	64.27	64.49	66.5	254091
59.51	62.5	64.27	64.49	203764
57.23	59.51	62.5	64.27	233214
59.16	57.23	59.51	62.5	135038
59.82	59.16	57.23	59.51	148290
58.5	59.82	59.16	57.23	218936
56.76	58.5	59.82	59.16	133480
54	56.76	58.5	59.82	206202
55	54	56.76	58.5	158924
56.9	55	54	56.76	184122
55.3	56.9	55	54	208618
55.5	55.3	56.9	55	547159
56.35	55.5	55.3	56.9	329769
55.42	56.35	55.5	55.3	329598
57.98	55.42	56.35	55.5	203228
59.5	57.98	55.42	56.35	173391
60.2	59.5	57.98	55.42	189665
60.2	60.2	59.5	57.98	127516
59.2	60.2	60.2	59.5	191698
60.22	59.2	60.2	60.2	185629
62.35	60.22	59.2	60.2	230609
60.5	62.35	60.22	59.2	147192
60.18	60.5	62.35	60.22	70555
61.35	60.18	60.5	62.35	120535
61.5	61.35	60.18	60.5	128446
60.7	61.5	61.35	60.18	180631
59.2	60.7	61.5	61.35	108155
59.71	59.2	60.7	61.5	74555
59.45	59.71	59.2	60.7	76270
62.7	59.45	59.71	59.2	257588
63.5	62.7	59.45	59.71	211354
62.37	63.5	62.7	59.45	155447
62.45	62.37	63.5	62.7	225249
62.26	62.45	62.37	63.5	90837
61.26	62.26	62.45	62.37	105351
61.42	61.26	62.26	62.45	173137
60.4	61.42	61.26	62.26	239655
59.87	60.4	61.42	61.26	307208
59.93	59.87	60.4	61.42	138681
60.98	59.93	59.87	60.4	251471
61.22	60.98	59.93	59.87	312371
61.87	61.22	60.98	59.93	190567
63.14	61.87	61.22	60.98	147081
64.72	63.14	61.87	61.22	208687
64.79	64.72	63.14	61.87	110411
66.87	64.79	64.72	63.14	261264
69.49	66.87	64.79	64.72	291346
67.82	69.49	66.87	64.79	100873
66.1	67.82	69.49	66.87	120613
67.21	66.1	67.82	69.49	149906
68.5	67.21	66.1	67.82	145134
68.89	68.5	67.21	66.1	366166
67.98	68.89	68.5	67.21	138290
66.79	67.98	68.89	68.5	286983
65.85	66.79	67.98	68.89	205519
66	65.85	66.79	67.98	123619
64.83	66	65.85	66.79	92469
65.51	64.83	66	65.85	119050
64.96	65.51	64.83	66	204629
68.54	64.96	65.51	64.83	1766614
73.15	68.54	64.96	65.51	339180
71.4	73.15	68.54	64.96	340170
69.6	71.4	73.15	68.54	295212
69.19	69.6	71.4	73.15	202293
70	69.19	69.6	71.4	204539
70	70	69.19	69.6	107766
69.9	70	70	69.19	162018
69.9	69.9	70	70	96806
70.4	69.9	69.9	70	109499
70.65	70.4	69.9	69.9	172055
70.3	70.65	70.4	69.9	62519
69.8	70.3	70.65	70.4	155388
70.79	69.8	70.3	70.65	129717
71.48	70.79	69.8	70.3	146142
71.46	71.48	70.79	69.8	153888
70.5	71.46	71.48	70.79	201982
70.6	70.5	71.46	71.48	158215
70.96	70.6	70.5	71.46	189213
70.2	70.96	70.6	70.5	246134
69.02	70.2	70.96	70.6	192028
68.6	69.02	70.2	70.96	72845
69.48	68.6	69.02	70.2	195460
68	69.48	68.6	69.02	175609
67.44	68	69.48	68.6	190433
67.04	67.44	68	69.48	240032
66.92	67.04	67.44	68	125394
66.6	66.92	67.04	67.44	164611
67.48	66.6	66.92	67.04	166881
67.45	67.48	66.6	66.92	175991
67.86	67.45	67.48	66.6	154186
68.76	67.86	67.45	67.48	204088
69.24	68.76	67.86	67.45	136472
67.2	69.24	68.76	67.86	600468
54.08	67.2	69.24	68.76	525824
55.4	54.08	67.2	69.24	140474
54.63	55.4	54.08	67.2	532924
53.89	54.63	55.4	54.08	785059
53.98	53.89	54.63	55.4	556367
53.37	53.98	53.89	54.63	54589
51.66	53.37	53.98	53.89	590735
49.9	51.66	53.37	53.98	205031
50.71	49.9	51.66	53.37	167941
52.97	50.71	49.9	51.66	177089
52.32	52.97	50.71	49.9	159724
53.79	52.32	52.97	50.71	135717
53.4	53.79	52.32	52.97	186145
52.87	53.4	53.79	52.32	85690
52.5	52.87	53.4	53.79	466967
51	52.5	52.87	53.4	130142
50	51	52.5	52.87	267592
50.31	50	51	52.5	192687
48.23	50.31	50	51	136953
49.53	48.23	50.31	50	277624
51.6	49.53	48.23	50.31	103698
51.5	51.6	49.53	48.23	225565
52.71	51.5	51.6	49.53	94395
55.24	52.71	51.5	51.6	254324
50.89	55.24	52.71	51.5	368076
49.2	50.89	55.24	52.71	104200
49.52	49.2	50.89	55.24	131330
52.17	49.52	49.2	50.89	146323
52.28	52.17	49.52	49.2	97209
52	52.28	52.17	49.52	114867
51.66	52	52.28	52.17	228148
51.65	51.66	52	52.28	199821
48.7	51.65	51.66	52	351153
48.96	48.7	51.65	51.66	160762
51	48.96	48.7	51.65	391661
51.53	51	48.96	48.7	264608
51.76	51.53	51	48.96	228166
52.9	51.76	51.53	51	338245
52.5	52.9	51.76	51.53	76525
53.05	52.5	52.9	51.76	175253
53.4	53.05	52.5	52.9	78353
53.85	53.4	53.05	52.5	91647
55.03	53.85	53.4	53.05	155668
54.58	55.03	53.85	53.4	116464
53.98	54.58	55.03	53.85	73904
54.48	53.98	54.58	55.03	124498
54.6	54.48	53.98	54.58	96202
54	54.6	54.48	53.98	145929
52.5	54	54.6	54.48	157595
50.5	52.5	54	54.6	212854
50.61	50.5	52.5	54	184773
52.3	50.61	50.5	52.5	287326
51.16	52.3	50.61	50.5	100436
53.13	51.16	52.3	50.61	189936
55.99	53.13	51.16	52.3	512758
57.35	55.99	53.13	51.16	460861
56.5	57.35	55.99	53.13	342470
56.7	56.5	57.35	55.99	214865
56.59	56.7	56.5	57.35	226200
56.51	56.59	56.7	56.5	148340
56.1	56.51	56.59	56.7	279061
54.05	56.1	56.51	56.59	221516
54	54.05	56.1	56.51	404451
53.11	54	54.05	56.1	154982
53.7	53.11	54	54.05	658738
53.4	53.7	53.11	54	263186
52.74	53.4	53.7	53.11	276063
52.12	52.74	53.4	53.7	240969
51.4	52.12	52.74	53.4	190969
52	51.4	52.12	52.74	208561
53.4	52	51.4	52.12	253400
53.29	53.4	52	51.4	417408
51.87	53.29	53.4	52	275027
51.9	51.87	53.29	53.4	232779
51.82	51.9	51.87	53.29	142254
50.15	51.82	51.9	51.87	236521
50.58	50.15	51.82	51.9	305747
50	50.58	50.15	51.82	247079
47.95	50	50.58	50.15	376235
47.65	47.95	50	50.58	245868
47.7	47.65	47.95	50	294692
47.33	47.7	47.65	47.95	201875
47.5	47.33	47.7	47.65	193787
46.3	47.5	47.33	47.7	732512
47.53	46.3	47.5	47.33	334453
48.44	47.53	46.3	47.5	192049
49.61	48.44	47.53	46.3	284137
46.85	49.61	48.44	47.53	731106
47.35	46.85	49.61	48.44	313786
46.79	47.35	46.85	49.61	165002
47.24	46.79	47.35	46.85	200835
47.3	47.24	46.79	47.35	316075
47.39	47.3	47.24	46.79	169178
46.41	47.39	47.3	47.24	250729
46.93	46.41	47.39	47.3	97128
48.15	46.93	46.41	47.39	369908
47.06	48.15	46.93	46.41	169392
47.6	47.06	48.15	46.93	120533
49.3	47.6	47.06	48.15	440326
48.72	49.3	47.6	47.06	168175
48.2	48.72	49.3	47.6	162265
48.4	48.2	48.72	49.3	162004
47.8	48.4	48.2	48.72	268471
47	47.8	48.4	48.2	224702
45.85	47	47.8	48.4	184391
46.74	45.85	47	47.8	237361
46.1	46.74	45.85	47	328650
47.25	46.1	46.74	45.85	181503
47.01	47.25	46.1	46.74	244337
48.35	47.01	47.25	46.1	258286
48.86	48.35	47.01	47.25	297391
48.42	48.86	48.35	47.01	238043
47.88	48.42	48.86	48.35	220535
48.48	47.88	48.42	48.86	123044
47.15	48.48	47.88	48.42	241033
45.87	47.15	48.48	47.88	306158
44.6	45.87	47.15	48.48	587151
44.1	44.6	45.87	47.15	734940
44.87	44.1	44.6	45.87	954979
44.98	44.87	44.1	44.6	302354
44.6	44.98	44.87	44.1	686522
44.52	44.6	44.98	44.87	259791
43.85	44.52	44.6	44.98	278486
44	43.85	44.52	44.6	85592
43.2	44	43.85	44.52	355279
43	43.2	44	43.85	275737
42.2	43	43.2	44	234373
42.03	42.2	43	43.2	221332
43.25	42.03	42.2	43	212225
43.57	43.25	42.03	42.2	239404
43.96	43.57	43.25	42.03	165049
44.75	43.96	43.57	43.25	448328
44.06	44.75	43.96	43.57	189242
44	44.06	44.75	43.96	476295
44.65	44	44.06	44.75	356290
44.18	44.65	44	44.06	287122
43.3	44.18	44.65	44	232538
45.29	43.3	44.18	44.65	134262
47.44	45.29	43.3	44.18	584326
47.48	47.44	45.29	43.3	401991
52.15	47.48	47.44	45.29	2694772
51.73	52.15	47.48	47.44	1266378
51.81	51.73	52.15	47.48	831369
51.32	51.81	51.73	52.15	304461
51.07	51.32	51.81	51.73	382311
51.4	51.07	51.32	51.81	540374
50.95	51.4	51.07	51.32	794507
50.4	50.95	51.4	51.07	373653
51.33	50.4	50.95	51.4	466066
52	51.33	50.4	50.95	4041978
53	52	51.33	50.4	1796909
54.15	53	52	51.33	840211
54.18	54.15	53	52	67991
54.5	54.18	54.15	53	702975
55	54.5	54.18	54.15	699177
54.19	55	54.5	54.18	723257
54.31	54.19	55	54.5	136243
55.15	54.31	54.19	55	748638
56.65	55.15	54.31	54.19	549099
57.7	56.65	55.15	54.31	474829
58.03	57.7	56.65	55.15	577522
59.25	58.03	57.7	56.65	417375
59.8	59.25	58.03	57.7	782394
59.85	59.8	59.25	58.03	1218112
59.64	59.85	59.8	59.25	339619
59.31	59.64	59.85	59.8	526916
59.1	59.31	59.64	59.85	365543
58.01	59.1	59.31	59.64	251198
59.1	58.01	59.1	59.31	277913
60.09	59.1	58.01	59.1	341925
59.39	60.09	59.1	58.01	136969
59.66	59.39	60.09	59.1	217294
62.51	59.66	59.39	60.09	759374
61.95	62.51	59.66	59.39	356725
61.25	61.95	62.51	59.66	238212
60.35	61.25	61.95	62.51	171060
61	60.35	61.25	61.95	491800
61.75	61	60.35	61.25	391798
60.7	61.75	61	60.35	313460
61.59	60.7	61.75	61	265787
61.3	61.59	60.7	61.75	219461
61.99	61.3	61.59	60.7	260067
62.27	61.99	61.3	61.59	204460
66.39	62.27	61.99	61.3	459842
66.39	66.39	62.27	61.99	611905
67.4	66.39	66.39	62.27	214678
66	67.4	66.39	66.39	261774
64.9	66	67.4	66.39	244323
65	64.9	66	67.4	375887
64.46	65	64.9	66	402558
65.65	64.46	65	64.9	123523
66	65.65	64.46	65	229955
65.98	66	65.65	64.46	184408
66.26	65.98	66	65.65	220042
66.6	66.26	65.98	66	156373
65.2	66.6	66.26	65.98	173368
65.42	65.2	66.6	66.26	326787
67.97	65.42	65.2	66.6	220687
68.27	67.97	65.42	65.2	306715
65.77	68.27	67.97	65.42	244945
64.69	65.77	68.27	67.97	163189
63.1	64.69	65.77	68.27	197546
65.98	63.1	64.69	65.77	211524
65.3	65.98	63.1	64.69	540675
69.28	65.3	65.98	63.1	549626
73	69.28	65.3	65.98	627663
72.03	73	69.28	65.3	574448
71.97	72.03	73	69.28	246342
74.43	71.97	72.03	73	380031
75.25	74.43	71.97	72.03	741693
74.99	75.25	74.43	71.97	221177
74.73	74.99	75.25	74.43	306709
73.1	74.73	74.99	75.25	272463
73.6	73.1	74.73	74.99	258494
74.17	73.6	73.1	74.73	137251
72.9	74.17	73.6	73.1	123089
73.57	72.9	74.17	73.6	222051
72.29	73.57	72.9	74.17	235531
70.99	72.29	73.57	72.9	259113
71.48	70.99	72.29	73.57	234154
72.19	71.48	70.99	72.29	131613
71.98	72.19	71.48	70.99	168685
72.83	71.98	72.19	71.48	225352
72.8	72.83	71.98	72.19	114790
72.15	72.8	72.83	71.98	88561
71.5	72.15	72.8	72.83	74632
69.89	71.5	72.15	72.8	170337
69.35	69.89	71.5	72.15	125302
69.58	69.35	69.89	71.5	136221
70.79	69.58	69.35	69.89	341018
70.87	70.79	69.58	69.35	470024
72.83	70.87	70.79	69.58	283361
71.1	72.83	70.87	70.79	261281
71.89	71.1	72.83	70.87	205553
74.2	71.89	71.1	72.83	301437
74.86	74.2	71.89	71.1	270339
74.69	74.86	74.2	71.89	173203
74.59	74.69	74.86	74.2	123813
76.99	74.59	74.69	74.86	269098
72.96	76.99	74.59	74.69	360609
72.86	72.96	76.99	74.59	231493
73.41	72.86	72.96	76.99	225625
74.14	73.41	72.86	72.96	651379
73	74.14	73.41	72.86	498813
73.45	73	74.14	73.41	287040
73.63	73.45	73	74.14	165623
74.64	73.63	73.45	73	246087
72.25	74.64	73.63	73.45	368121
71.44	72.25	74.64	73.63	393481
70	71.44	72.25	74.64	304627
72.18	70	71.44	72.25	297258
70.51	72.18	70	71.44	327383
69.35	70.51	72.18	70	180630
69.02	69.35	70.51	72.18	315742
70	69.02	69.35	70.51	214585
69.54	70	69.02	69.35	153528
70	69.54	70	69.02	102647
69.45	70	69.54	70	131481
68.2	69.45	70	69.54	507568
66.49	68.2	69.45	70	268052
63.3	66.49	68.2	69.45	1519854
68.2	63.3	66.49	68.2	1364021
68.03	68.2	63.3	66.49	600365
69.5	68.03	68.2	63.3	1754872
67.42	69.5	68.03	68.2	624867
66.5	67.42	69.5	68.03	221847
63.93	66.5	67.42	69.5	683093
64.1	63.93	66.5	67.42	353835
64	64.1	63.93	66.5	319257
61.41	64	64.1	63.93	645013
60.5	61.41	64	64.1	327055
58.99	60.5	61.41	64	589343
60.83	58.99	60.5	61.41	818352
59.68	60.83	58.99	60.5	309911
60.6	59.68	60.83	58.99	138786
60.97	60.6	59.68	60.83	433278
61.15	60.97	60.6	59.68	259263
60.53	61.15	60.97	60.6	121037
61.1	60.53	61.15	60.97	389331
61.75	61.1	60.53	61.15	274966
61.68	61.75	61.1	60.53	204252
61.82	61.68	61.75	61.1	700741
61.52	61.82	61.68	61.75	176642
61.8	61.52	61.82	61.68	425496
62.39	61.8	61.52	61.82	180135
62.5	62.39	61.8	61.52	270273
62.45	62.5	62.39	61.8	276868
62.48	62.45	62.5	62.39	367801
62.01	62.48	62.45	62.5	197195
60.95	62.01	62.48	62.45	226035
60.88	60.95	62.01	62.48	234890
59.8	60.88	60.95	62.01	312874
60.3	59.8	60.88	60.95	165093
60.5	60.3	59.8	60.88	218307
60.5	60.5	60.3	59.8	139107
59.34	60.5	60.5	60.3	181873
61.16	59.34	60.5	60.5	145974
62	61.16	59.34	60.5	436344
62	62	61.16	59.34	187590
62.2	62	62	61.16	202715
64.1	62.2	62	62	440565
63.73	64.1	62.2	62	398666
63.1	63.73	64.1	62.2	365453
62.5	63.1	63.73	64.1	312591
64.1	62.5	63.1	63.73	237554
63.6	64.1	62.5	63.1	229735
63.8	63.6	64.1	62.5	166541
63.71	63.8	63.6	64.1	274148
64.25	63.71	63.8	63.6	699864
64	64.25	63.71	63.8	132292
63.48	64	64.25	63.71	100470
62.5	63.48	64	64.25	453034
61.7	62.5	63.48	64	181869
61.41	61.7	62.5	63.48	103443
61.65	61.41	61.7	62.5	112732
62.45	61.65	61.41	61.7	163645
62.39	62.45	61.65	61.41	160141
63.54	62.39	62.45	61.65	124806
62.91	63.54	62.39	62.45	111320
65.07	62.91	63.54	62.39	264804
64.5	65.07	62.91	63.54	317834
66.38	64.5	65.07	62.91	409982
66	66.38	64.5	65.07	219497
66.15	66	66.38	64.5	180222
66.2	66.15	66	66.38	193110
66	66.2	66.15	66	116847
65.6	66	66.2	66.15	188339
65.39	65.6	66	66.2	347636
65	65.39	65.6	66	249662
64.58	65	65.39	65.6	125761
64.55	64.58	65	65.39	191130
64.11	64.55	64.58	65	271991
63.5	64.11	64.55	64.58	237190
62.8	63.5	64.11	64.55	656467
63.03	62.8	63.5	64.11	112374
65.7	63.03	62.8	63.5	1685447
65.11	65.7	63.03	62.8	602362
65.37	65.11	65.7	63.03	200477
65.7	65.37	65.11	65.7	136401
65.28	65.7	65.37	65.11	159491
65.46	65.28	65.7	65.37	271392
66.44	65.46	65.28	65.7	240069
68.2	66.44	65.46	65.28	650963
68.49	68.2	66.44	65.46	949447
68.81	68.49	68.2	66.44	209833
69.86	68.81	68.49	68.2	415899
71.8	69.86	68.81	68.49	604396
71.04	71.8	69.86	68.81	319726
71.35	71.04	71.8	69.86	245040
72.75	71.35	71.04	71.8	169719
72.38	72.75	71.35	71.04	257467
71.92	72.38	72.75	71.35	356331
71.78	71.92	72.38	72.75	380758
71.19	71.78	71.92	72.38	308608
70.4	71.19	71.78	71.92	171418
70.31	70.4	71.19	71.78	332119
70.5	70.31	70.4	71.19	215310
69.8	70.5	70.31	70.4	106659
70.07	69.8	70.5	70.31	141920
70.18	70.07	69.8	70.5	125282
67.4	70.18	70.07	69.8	726034
68.69	67.4	70.18	70.07	186708
68.76	68.69	67.4	70.18	367997
69.5	68.76	68.69	67.4	315496
71.37	69.5	68.76	68.69	116172
72.33	71.37	69.5	68.76	168370
70.37	72.33	71.37	69.5	141014
71.08	70.37	72.33	71.37	89372
73.15	71.08	70.37	72.33	167505
72.74	73.15	71.08	70.37	303665
72.17	72.74	73.15	71.08	159662
71.2	72.17	72.74	73.15	198973
70.03	71.2	72.17	72.74	192672
71.38	70.03	71.2	72.17	111406
71.5	71.38	70.03	71.2	158113
70.5	71.5	71.38	70.03	112663
70.91	70.5	71.5	71.38	164832
71.51	70.91	70.5	71.5	147291
73.5	71.51	70.91	70.5	155393
73.7	73.5	71.51	70.91	282353
75	73.7	73.5	71.51	179027
74.92	75	73.7	73.5	55183
73.55	74.92	75	73.7	45195
75.4	73.55	74.92	75	116438
73.99	75.4	73.55	74.92	248635
71.65	73.99	75.4	73.55	195210
72.05	71.65	73.99	75.4	422640
72.38	72.05	71.65	73.99	131946
75.29	72.38	72.05	71.65	183262
75.02	75.29	72.38	72.05	128357
75.48	75.02	75.29	72.38	213049
73.09	75.48	75.02	75.29	111393
74	73.09	75.48	75.02	92835
75.6	74	73.09	75.48	114149
77	75.6	74	73.09	237058
76.15	77	75.6	74	255978
77.77	76.15	77	75.6	156667
76	77.77	76.15	77	495811
78.5	76	77.77	76.15	391541
79	78.5	76	77.77	338321
78.4	79	78.5	76	153776
78.86	78.4	79	78.5	95582
78.7	78.86	78.4	79	132218
79.3	78.7	78.86	78.4	149774
79.5	79.3	78.7	78.86	174009
79.5	79.5	79.3	78.7	305001
77.95	79.5	79.5	79.3	160433
78.1	77.95	79.5	79.5	381013
78	78.1	77.95	79.5	139489
77.35	78	78.1	77.95	137228
76.6	77.35	78	78.1	201318
76.7	76.6	77.35	78	364059
77.7	76.7	76.6	77.35	471284
79.9	77.7	76.7	76.6	366621
79.15	79.9	77.7	76.7	169317
80	79.15	79.9	77.7	665710
84.3	80	79.15	79.9	667637
88	84.3	80	79.15	715774
87.25	88	84.3	80	617928
87.35	87.25	88	84.3	204557
87.05	87.35	87.25	88	391095
87.2	87.05	87.35	87.25	125556
86.3	87.2	87.05	87.35	228347
87.4	86.3	87.2	87.05	117606
86.4	87.4	86.3	87.2	134760
84.85	86.4	87.4	86.3	171140
85.5	84.85	86.4	87.4	331845
86.75	85.5	84.85	86.4	187137
86.35	86.75	85.5	84.85	180149
87.3	86.35	86.75	85.5	300924
84	87.3	86.35	86.75	393928
83.5	84	87.3	86.35	326376
81.6	83.5	84	87.3	189753
82.5	81.6	83.5	84	386000
83	82.5	81.6	83.5	368998
82.5	83	82.5	81.6	203491
82.95	82.5	83	82.5	211531
82.7	82.95	82.5	83	167605
83.5	82.7	82.95	82.5	643743
84.85	83.5	82.7	82.95	420147
84	84.85	83.5	82.7	228587
83.85	84	84.85	83.5	445548
83.5	83.85	84	84.85	297855
83.4	83.5	83.85	84	218148
82.6	83.4	83.5	83.85	158194
83.45	82.6	83.4	83.5	241072
83.35	83.45	82.6	83.4	341179
82.05	83.35	83.45	82.6	455479
80.9	82.05	83.35	83.45	414952
79.9	80.9	82.05	83.35	176730
80.3	79.9	80.9	82.05	244038
81.8	80.3	79.9	80.9	319291
76	81.8	80.3	79.9	811002
76.7	76	81.8	80.3	1293337
78	76.7	76	81.8	276014
77	78	76.7	76	405768
76.5	77	78	76.7	241223
76.5	76.5	77	78	282187
75.6	76.5	76.5	77	716671
74.4	75.6	76.5	76.5	205359
76	74.4	75.6	76.5	261065
76.95	76	74.4	75.6	233551
75.7	76.95	76	74.4	300106
76.2	75.7	76.95	76	413148
75.7	76.2	75.7	76.95	252205
74.7	75.7	76.2	75.7	255144
72.85	74.7	75.7	76.2	216859
73.55	72.85	74.7	75.7	271800
74.3	73.55	72.85	74.7	216487
72.8	74.3	73.55	72.85	260324
71.25	72.8	74.3	73.55	239639
69	71.25	72.8	74.3	429168
70.45	69	71.25	72.8	510418
72.9	70.45	69	71.25	300373
72.75	72.9	70.45	69	250417
72.95	72.75	72.9	70.45	287577
72	72.95	72.75	72.9	249890
71.95	72	72.95	72.75	89367
72.2	71.95	72	72.95	217432
71.95	72.2	71.95	72	354187
72.2	71.95	72.2	71.95	457893
72.85	72.2	71.95	72.2	204565
71.5	72.85	72.2	71.95	925882
71.05	71.5	72.85	72.2	421851
70.9	71.05	71.5	72.85	393180
71.3	70.9	71.05	71.5	193412
71	71.3	70.9	71.05	192064
71.05	71	71.3	70.9	102156
70.7	71.05	71	71.3	205046
68.9	70.7	71.05	71	259540
67.8	68.9	70.7	71.05	174288
66.05	67.8	68.9	70.7	420855
68.3	66.05	67.8	68.9	420927
72.55	68.3	66.05	67.8	521518
72.8	72.55	68.3	66.05	360528
72.8	72.8	72.55	68.3	156323
73	72.8	72.8	72.55	251827
73.55	73	72.8	72.8	241130
73	73.55	73	72.8	279048
72.1	73	73.55	73	191334
73	72.1	73	73.55	147139
72.9	73	72.1	73	495141
72	72.9	73	72.1	359307
70	72	72.9	73	171281
70.7	70	72	72.9	158970
71.5	70.7	70	72	46409
69.7	71.5	70.7	70	268554
69.25	69.7	71.5	70.7	489811
70.45	69.25	69.7	71.5	158979
69.05	70.45	69.25	69.7	122529
71.45	69.05	70.45	69.25	253158
69.85	71.45	69.05	70.45	169605
70.2	69.85	71.45	69.05	116806
70	70.2	69.85	71.45	185906
70.4	70	70.2	69.85	135833
70.2	70.4	70	70.2	127771
70.25	70.2	70.4	70	176328
70.1	70.25	70.2	70.4	103099
68	70.1	70.25	70.2	489943
67.55	68	70.1	70.25	140996
67.4	67.55	68	70.1	194048
68	67.4	67.55	68	213824
67.5	68	67.4	67.55	132017
69	67.5	68	67.4	262724
69	69	67.5	68	143507
68	69	69	67.5	182347
67.3	68	69	69	111719
65.5	67.3	68	69	106104
66.9	65.5	67.3	68	133067
65.4	66.9	65.5	67.3	63680
68	65.4	66.9	65.5	66355
69.75	68	65.4	66.9	73654
69.5	69.75	68	65.4	147567
69.5	69.5	69.75	68	170262
69.9	69.5	69.5	69.75	111691
68.6	69.9	69.5	69.5	157171
67.3	68.6	69.9	69.5	108938
67.55	67.3	68.6	69.9	32765
67.1	67.55	67.3	68.6	171156
67.65	67.1	67.55	67.3	74762
68.95	67.65	67.1	67.55	139543
67.1	68.95	67.65	67.1	130145
67.6	67.1	68.95	67.65	123894
67.6	67.6	67.1	68.95	129526
67.75	67.6	67.6	67.1	49615
70.9	67.75	67.6	67.6	290267
70.2	70.9	67.75	67.6	109165
73.55	70.2	70.9	67.75	242518
71	73.55	70.2	70.9	185385
73	71	73.55	70.2	123136
72.65	73	71	73.55	107637
72.6	72.65	73	71	160334
71.5	72.6	72.65	73	180995
70.75	71.5	72.6	72.65	120994
71.9	70.75	71.5	72.6	90047
73.25	71.9	70.75	71.5	76977
76.2	73.25	71.9	70.75	960237
72.5	76.2	73.25	71.9	880899
70.05	72.5	76.2	73.25	443449
68.5	70.05	72.5	76.2	357957
67.55	68.5	70.05	72.5	274826
66.4	67.55	68.5	70.05	273700
65.8	66.4	67.55	68.5	195692
66.3	65.8	66.4	67.55	163596
67.9	66.3	65.8	66.4	383533
67.45	67.9	66.3	65.8	138941
68.6	67.45	67.9	66.3	173381
67.45	68.6	67.45	67.9	120997
68.8	67.45	68.6	67.45	153683
70.2	68.8	67.45	68.6	305584
70.05	70.2	68.8	67.45	585682
69.3	70.05	70.2	68.8	257902
68.05	69.3	70.05	70.2	153017
68.65	68.05	69.3	70.05	136454
66.9	68.65	68.05	69.3	271693
64	66.9	68.65	68.05	527177
62.85	64	66.9	68.65	250211
60.95	62.85	64	66.9	326040
61.1	60.95	62.85	64	277508
63	61.1	60.95	62.85	333248
60.05	63	61.1	60.95	416585
60.7	60.05	63	61.1	191391
64.55	60.7	60.05	63	245852
61.2	64.55	60.7	60.05	364131
61.5	61.2	64.55	60.7	245114
61.3	61.5	61.2	64.55	343149
62.75	61.3	61.5	61.2	268697
62.6	62.75	61.3	61.5	1831931
63.25	62.6	62.75	61.3	180215
63.1	63.25	62.6	62.75	85405
64.3	63.1	63.25	62.6	86993
63.5	64.3	63.1	63.25	135929
63	63.5	64.3	63.1	287509
63.55	63	63.5	64.3	206441
61.95	63.55	63	63.5	245029
62.9	61.95	63.55	63	192427
62.75	62.9	61.95	63.55	191720
60.65	62.75	62.9	61.95	371400
60.45	60.65	62.75	62.9	243026
61.2	60.45	60.65	62.75	199934
62.3	61.2	60.45	60.65	339047
62	62.3	61.2	60.45	250052
62.4	62	62.3	61.2	327342
61.7	62.4	62	62.3	141815
63	61.7	62.4	62	133347
61.95	63	61.7	62.4	162119
61	61.95	63	61.7	221667
61	61	61.95	63	169584
60.3	61	61	61.95	89693
59	60.3	61	61	314076
58.7	59	60.3	61	174026
60.1	58.7	59	60.3	132289
57	60.1	58.7	59	216621
57.55	57	60.1	58.7	159981
57.4	57.55	57	60.1	117512
57.75	57.4	57.55	57	289714
59.8	57.75	57.4	57.55	219910
58.6	59.8	57.75	57.4	209684
57	58.6	59.8	57.75	272575
58.25	57	58.6	59.8	306847
59.9	58.25	57	58.6	474769
56.2	59.9	58.25	57	811986
53.4	56.2	59.9	58.25	508696
55.1	53.4	56.2	59.9	808278
53.55	55.1	53.4	56.2	2126133
50.65	53.55	55.1	53.4	708094
52	50.65	53.55	55.1	308628
51.7	52	50.65	53.55	157044
50.1	51.7	52	50.65	821151
51.7	50.1	51.7	52	231841
51.5	51.7	50.1	51.7	169534
50	51.5	51.7	50.1	671898
48.7	50	51.5	51.7	754224
51.1	48.7	50	51.5	815648
53.8	51.1	48.7	50	396771
54.5	53.8	51.1	48.7	477927
55.45	54.5	53.8	51.1	323395
56.65	55.45	54.5	53.8	424752
57.4	56.65	55.45	54.5	276976
55.15	57.4	56.65	55.45	285450
54.85	55.15	57.4	56.65	150642
54.8	54.85	55.15	57.4	141680
53.1	54.8	54.85	55.15	182964
54.65	53.1	54.8	54.85	218163
54.95	54.65	53.1	54.8	231849
55.2	54.95	54.65	53.1	173859
55.6	55.2	54.95	54.65	187398
57.05	55.6	55.2	54.95	373238
56.75	57.05	55.6	55.2	286749
55.85	56.75	57.05	55.6	192986
54.5	55.85	56.75	57.05	445192
53.1	54.5	55.85	56.75	185357
53.15	53.1	54.5	55.85	175680
55	53.15	53.1	54.5	187429
53.4	55	53.15	53.1	219807
54.75	53.4	55	53.15	127074
56.2	54.75	53.4	55	187654
55.95	56.2	54.75	53.4	168800
56.35	55.95	56.2	54.75	192929
55	56.35	55.95	56.2	294469
55.6	55	56.35	55.95	264094
55	55.6	55	56.35	84930
54.6	55	55.6	55	455044
55.85	54.6	55	55.6	192213
54.7	55.85	54.6	55	324545
54.2	54.7	55.85	54.6	354093
53.8	54.2	54.7	55.85	208107
53.95	53.8	54.2	54.7	206199
54.4	53.95	53.8	54.2	197680
55.5	54.4	53.95	53.8	283781
57.5	55.5	54.4	53.95	704600
58.25	57.5	55.5	54.4	655110
57.55	58.25	57.5	55.5	261735
56.85	57.55	58.25	57.5	228316
57.5	56.85	57.55	58.25	281093
58.55	57.5	56.85	57.55	253753
58.5	58.55	57.5	56.85	198271
60.5	58.5	58.55	57.5	295974
60.5	60.5	58.5	58.55	339076
60.35	60.5	60.5	58.5	151067
59.5	60.35	60.5	60.5	367368
58.55	59.5	60.35	60.5	157252
59.25	58.55	59.5	60.35	137949
58.2	59.25	58.55	59.5	189924
57.7	58.2	59.25	58.55	202926
57.45	57.7	58.2	59.25	161152
57.75	57.45	57.7	58.2	159458
59.35	57.75	57.45	57.7	156949
59.75	59.35	57.75	57.45	196785
59.3	59.75	59.35	57.75	268079
59.5	59.3	59.75	59.35	167298
59.15	59.5	59.3	59.75	115373
59.05	59.15	59.5	59.3	105652
58.1	59.05	59.15	59.5	132141
58.7	58.1	59.05	59.15	284605
60.05	58.7	58.1	59.05	268854
62.3	60.05	58.7	58.1	674408
62.45	62.3	60.05	58.7	436168
62	62.45	62.3	60.05	182212
60.4	62	62.45	62.3	281743
60.3	60.4	62	62.45	205985
60.5	60.3	60.4	62	162999
62.3	60.5	60.3	60.4	407567
61.5	62.3	60.5	60.3	247644
63.15	61.5	62.3	60.5	231165
63.35	63.15	61.5	62.3	489269
62.75	63.35	63.15	61.5	106828
63.9	62.75	63.35	63.15	226722
63.8	63.9	62.75	63.35	125488
62.9	63.8	63.9	62.75	210280
61.55	62.9	63.8	63.9	294067
61.7	61.55	62.9	63.8	183647
61	61.7	61.55	62.9	129659
61.85	61	61.7	61.55	148105
60.65	61.85	61	61.7	87334
59.75	60.65	61.85	61	211187
60.4	59.75	60.65	61.85	263817
60.2	60.4	59.75	60.65	404085
60.55	60.2	60.4	59.75	260332
60.4	60.55	60.2	60.4	167861
59.9	60.4	60.55	60.2	128283
60	59.9	60.4	60.55	279608
60.15	60	59.9	60.4	185714
60	60.15	60	59.9	195586
59.8	60	60.15	60	98551
58.55	59.8	60	60.15	162995
57.5	58.55	59.8	60	165845
59	57.5	58.55	59.8	427478
59.9	59	57.5	58.55	310623
60	59.9	59	57.5	172756
59.8	60	59.9	59	43868




